337
1023
398
370
327
587
294
1114
last_15
585
095
14_01_13i
219
421
last_33
last_32
363
574
1196
1032
26_11_12f
602
353
425
last_39
409
1157
206
082
1197
1024
last_18
193
274
last_34
181
04_12_12h_corr
chaves
153
558
187
last_43
25_12_12e
1119
282
252
315
2046
2005
025
595
klinton
last_51
1112
10_01_13d
last_63
026
317
511
2048
385
491
uchitel
1142
383
1116
369
372
22_11_12c
1017
268
1122
019
507
256
406
229
441
506
389
109
134
210
105
281
504
last_36
1043
526
1154
182
29_11_12b
1108
208
601
last_47
1041
2047
542
1133
288
471
413
1008
1143
087
254
1113
1128
089
018
091
307
10_01_13a
570
040
047
581
1105
539
1101
007
1162
300
540
26_11_12b
039
2039
1125
1150
171
1132
09_01_13e
1177
004
227
426
1193
279
shojgu4
590
1189
535
367
09_01_13a
097
25_12_12c
146
393
364
620
479
1159
490
048
246
472
023
1180
2040
21_11_12c
27_11_12e
135
last_03
211
020
094
265
1181
1188
058
037
295
555 (!)
shojgu1
287
Avtovaz
25_12_12d
099
011
264
1190
465
2041
1026
381
2034
250
070
376
514
318
086
453
last_55
499
259
147
1034
336
617
1031
22_11_12h
1176
197
last_09
391
09_01_13c
30_11_12b
last_71
167
04_12_12b
last_60
321
554
blokhin
1147
501
23_11_12c
2001
255
433
2006
127
1144
1153
411
399
015 (!)
2018
349
125
04_12_12g
076
last_05
22_11_12d
451
392
115
20_11_12d
last_10
1012
009
last_37
209
485
623
031
012
360
last_41
003
03_12_12g
136
1039
1107
006
111
624
126
116
545
021
last_66
403
218
1037
032
214
322
last_35
1103
478
189
1169
232
121
20_11_12b
267
1163
633
530
26_11_12e
last_07_new
374
410
541
266
2007
23_11_12b
2037
2045
1025
509
534
last_75
043
330
1183
297
407
1002
last_74
467
179
088
169
10_01_13i
last_21
1148
334
mvd
last_70
557
27_11_12j
last_54
071
2012
221
213
008
last_49
212
611
09_01_13i
533 (!)
080
632
22_11_12a
356
101
1009
050
27_11_12c
1014
1021
03_12_12b
last_72
180
1140
299
046
2009
last_26
296
497
610
028
503
11_01_13b
520
1005
21_11_12i
528
1115
564
462
084
last_01
423
semenenko
173
1187
1130
627
049
108
508
565
177
200
1195
03_12_12d
358
489
034
036
107
302
277
397
298
552
03_12_12c
359
233
2003
1199
450
494
1126
306
631
618
137
last_25
120
458
253
04_12_12d
1120
544
613
033
1003
396
582
1016
143
2029
1047
351
280
382
600
last_27
415
28_11_12i
192
314
589
186
576
maykl dzhekson
284
429
1027
313
513
461
2020
065
163
357
083
23_11_12f
130
176
390
056
1118
460
185
28_11_12j
575
25_12_12a
166
487
2017
061
14_01_13c
22_11_12i
28_11_12f
269
1134
1141
568
2042
301
563
last_19
439
042
276
045
430
183
04_03_13a_sorokin
512
476
584 (!)
325
014
459
455
161
last_04
553
216
1048
1001
064
1028
1174
543
422
484
1038
last_57
347
204
202
154
27_11_12d
283
273
051
195
last_64
474
1018
1146
092
1007
417
597
1040
2025
416
408
017
547
19_11_12h
21_11_12j
last_30_new
1164
621
286
1100
245
106
486
419
2050
2026
1184
last_23
28_11_12g
1200
1155
140
495
405
1172
2030
236
223
1182
096
1109
271
054
626
chirkunov
431
477
1179
207
1110
345
164
184
2019
002
414
596
2035
1033
1131
030
160
165
502
100
438
355
155
493
063
110
129
516
292
rosobrnadzor
445
1006
412
244
243
241
463
480
151
1136
1022
629
last_62
152
622
239
475
1191
365
380
104
444
258
09_01_13d
571
2049
1046
last_65
27_11_12a
1192
523
last_28
231
1198
149
1175
1049
last_11
052
562
285
1160
599
228
488
588
133
2010
038
1011
470
324
last_56
abdulatipov
525
1152
2002
498
shojgu3
436
616
last_29
443
2038
270
341
326
2011
628
340
053
424
158
309
15_01_13e
1178
1111
22_11_12g
577
1050
625
044
20_11_12a
546
449
2022
551
561
20_11_12c
201
293
598 (!)
447
21_11_12h
30_11_12h
234
420
226
last_24
464
323
346
kuleshov
238
505
last_48
14_01_13g
060
593
591
15_01_13b
454
1156
1138
469
113
350
437
last_59
103
483
387
28_11_12h
si_tzjanpin
538
2004
