313677
210559
222653
56747
296831
216055
221221
221413
18362
31163
219621
211623
434989
211267
221182
223431
221193
71217
2702
211051
215087
21762
215044
209828
220494
209340
16296
210135
11597
222219
597461
51373
737523
2733
35201
425763
65972
220155
217452
102083
134157
36846
127522
2725
331
39630
218720
32350
219194
222787
222839
14072
222550
217319
246324
29098
81510
7868
215775
431071
87497
139121
98517
213504
211254
223463
214911
211991
35948
224201
209279
217681
222819
51403
223222
491838
223405
222732
333340
78696
401531
223363
216666
54904
212192
104927
29459
167929
83730
162451
9131
211378
556003
211148
220466
210308
585960
733033
220323
211800
221483
212481
213133
532409
121890
212727
34265
56432
218534
149491
381
85777
529982
15675
214172
56340
213167
217733
502873
218242
223251
85641
222873
585407
214374
409379
584409
220137
223554
640175
283164
211599
211609
214928
25297
221947
7723
7709
214726
14021
732207
222870
253252
56860
224230
211634
16839
223549
223828
283991
253801
213639
98290
210675
215604
38756
46892
472412
710030
211685
72490
221203
462470
211432
222579
649936
216648
25625
297568
42261
16387
602651
727902
212711
43504
582707
214323
223701
213708
753
433521
488103
211180
211419
220943
222192
222573
135459
51160
51618
210478
224096
89739
213289
209376
417948
220459
123107
17755
3261
97936
220019
44824
46121
55656
212189
48208
218282
210202
219366
33660
563503
475250
2693
215379
212625
9610
220502
711827
390971
220240
46675
215344
218608
378335
585439
288971
222038
318462
210796
533364
213449
485242
223291
488264
451785
8349
246696
222108
212539
32060
52011
223028
212303
214780
222974
220935
484342
40949
74154
31797
213166
221882
36667
73204
3419
222889
221131
737735
498897
221555
215746
523917
33611
223797
216555
382757
213610
530977
39013
212710
25091
219883
211361
500146
3956
218402
222774
220867
210316
217012
211940
208950
212983
223994
82261
214792
216350
219475
18389
74990
500295
49631
50692
120914
528902
219687
216774
353121
209348
224084
215693
488610
9809
223836
378696
208794
223267
342838
223659
179
375792
596961
11035
217065
91830
224082
194955
86400
212607
213905
215770
644943
21197
216574
219707
214053
14044
101144
224331
547384
220163
47909
682928
211463
221805
18221
218568
212598
407396
650562
119838
43691
215412
221751
12861
287755
223954
494413
26738
14102
216997
278833
221508
211402
222278
221559
486978
35791
216424
219123
484458
95
221255
221894
69298
283
97687
